canvas 200 70 360 360
shape R rectangle
motion R 5.00 200 200 50 100 255 0 0 25.00 300 300 50 100 255 0 0
motion R 25.00 300 300 50 100 255 0 0 25.50 300 300 50 100 255 0 0
motion R 25.50 300 300 50 100 255 0 0 35.00 300 300 25 100 255 0 0
motion R 35.00 300 300 25 100 255 0 0 50.00 200 200 25 100 255 0 0
shape C ellipse
motion C 10.00 440 70 120 60 0 0 255 25.00 440 250 120 60 0 0 255
motion C 25.00 440 250 120 60 0 0 255 35.00 440 370 120 60 0 170 85
motion C 35.00 440 370 120 60 0 170 85 40.00 440 370 120 60 0 255 0
motion C 40.00 440 370 120 60 0 255 0 50.00 440 370 120 60 0 255 0
