canvas 0 0 800 800
shape 3 rectangle
motion 3 0 50 400 40 12 0 0 0 0 50 400 40 12 0 0 0
motion 3 0 50 400 40 12 0 0 0 1 50 400 40 12 0 0 0
motion 3 1 50 400 40 12 0 0 0 10 50 400 40 12 200 200 200
motion 3 10 50 400 40 12 200 200 200 20 50 400 40 12 0 0 0
motion 3 20 50 400 40 12 0 0 0 20 50 400 40 12 0 0 0
motion 3 20 50 400 40 12 0 0 0 21 50 400 40 12 0 0 0
motion 3 21 50 400 40 12 0 0 0 30 50 200 40 12 0 0 0
motion 3 30 50 200 40 12 0 0 0 40 50 200 40 12 0 0 0
motion 3 40 50 200 40 12 0 0 0 41 50 200 40 12 0 0 0
motion 3 41 50 200 40 12 0 0 0 50 50 400 40 12 0 0 0
motion 3 50 50 400 40 12 0 0 0 120 50 400 40 12 0 0 0
motion 3 120 50 400 40 12 0 0 0 121 50 400 40 12 0 0 0
motion 3 121 50 400 40 12 0 0 0 130 50 400 40 12 200 200 200
motion 3 130 50 400 40 12 200 200 200 140 50 400 40 12 0 0 0
motion 3 140 50 400 40 12 0 0 0 140 50 400 40 12 0 0 0
motion 3 140 50 400 40 12 0 0 0 141 50 400 40 12 0 0 0
motion 3 141 50 400 40 12 0 0 0 150 50 200 40 12 0 0 0
motion 3 150 50 200 40 12 0 0 0 220 50 200 40 12 0 0 0
motion 3 220 50 200 40 12 0 0 0 221 50 200 40 12 0 0 0
motion 3 221 50 200 40 12 0 0 0 230 50 400 40 12 0 0 0
motion 3 230 50 400 40 12 0 0 0 520 50 400 40 12 0 0 0
motion 3 520 50 400 40 12 0 0 0 521 50 400 40 12 0 0 0
motion 3 521 50 400 40 12 0 0 0 530 50 400 40 12 200 200 200
motion 3 530 50 400 40 12 200 200 200 540 50 400 40 12 0 0 0
motion 3 540 50 400 40 12 0 0 0 540 50 400 40 12 0 0 0
motion 3 540 50 400 40 12 0 0 0 541 50 400 40 12 0 0 0
motion 3 541 50 400 40 12 0 0 0 550 50 200 40 12 0 0 0
motion 3 550 50 200 40 12 0 0 0 740 50 200 40 12 0 0 0
motion 3 740 50 200 40 12 0 0 0 741 50 200 40 12 0 0 0
motion 3 741 50 200 40 12 0 0 0 750 50 400 40 12 0 0 0
motion 3 750 50 400 40 12 0 0 0 1480 50 400 40 12 0 0 0
motion 3 1480 50 400 40 12 0 0 0 1481 50 400 40 12 0 0 0
motion 3 1481 50 400 40 12 0 0 0 1490 50 400 40 12 200 200 200
motion 3 1490 50 400 40 12 200 200 200 1500 50 400 40 12 0 0 0
motion 3 1500 50 400 40 12 0 0 0 1510 50 400 40 12 0 0 0
motion 3 1510 50 400 40 12 0 0 0 1511 50 400 40 12 0 0 0
motion 3 1511 50 400 40 12 0 0 0 1520 50 400 40 12 200 200 200
motion 3 1520 50 400 40 12 200 200 200 1530 50 400 40 12 0 0 0
motion 3 1530 50 400 40 12 0 0 0 1530 50 400 40 12 0 0 0
motion 3 1530 50 400 40 12 0 0 0 1531 50 400 40 12 0 0 0
motion 3 1531 50 400 40 12 0 0 0 1540 50 200 40 12 0 0 0
motion 3 1540 50 200 40 12 0 0 0 1900 50 200 40 12 0 0 0
motion 3 1900 50 200 40 12 0 0 0 1901 50 200 40 12 0 0 0
motion 3 1901 50 200 40 12 0 0 0 1910 100 400 40 12 0 0 0
shape 44 rectangle
motion 44 0 100 400 40 176 0 0 0 0 100 400 40 176 0 0 0
motion 44 0 100 400 40 176 0 0 0 1 100 400 40 176 0 0 0
motion 44 1 100 400 40 176 0 0 0 10 100 400 40 176 200 200 200
motion 44 10 100 400 40 176 200 200 200 20 100 400 40 176 0 0 0
motion 44 20 100 400 40 176 0 0 0 30 100 400 40 176 0 0 0
motion 44 30 100 400 40 176 0 0 0 31 100 400 40 176 0 0 0
motion 44 31 100 400 40 176 0 0 0 40 100 200 40 176 0 0 0
motion 44 40 100 200 40 176 0 0 0 50 100 200 40 176 0 0 0
motion 44 50 100 200 40 176 0 0 0 51 100 200 40 176 0 0 0
motion 44 51 100 200 40 176 0 0 0 60 100 400 40 176 0 0 0
motion 44 60 100 400 40 176 0 0 0 150 100 400 40 176 0 0 0
motion 44 150 100 400 40 176 0 0 0 151 100 400 40 176 0 0 0
motion 44 151 100 400 40 176 0 0 0 160 100 400 40 176 200 200 200
motion 44 160 100 400 40 176 200 200 200 170 100 400 40 176 0 0 0
motion 44 170 100 400 40 176 0 0 0 180 100 400 40 176 0 0 0
motion 44 180 100 400 40 176 0 0 0 181 100 400 40 176 0 0 0
motion 44 181 100 400 40 176 0 0 0 190 100 400 40 176 200 200 200
motion 44 190 100 400 40 176 200 200 200 200 100 400 40 176 0 0 0
motion 44 200 100 400 40 176 0 0 0 210 100 400 40 176 0 0 0
motion 44 210 100 400 40 176 0 0 0 211 100 400 40 176 0 0 0
motion 44 211 100 400 40 176 0 0 0 220 100 200 40 176 0 0 0
motion 44 220 100 200 40 176 0 0 0 250 100 200 40 176 0 0 0
motion 44 250 100 200 40 176 0 0 0 251 100 200 40 176 0 0 0
motion 44 251 100 200 40 176 0 0 0 260 200 400 40 176 0 0 0
motion 44 260 200 400 40 176 0 0 0 700 200 400 40 176 0 0 0
motion 44 700 200 400 40 176 0 0 0 701 200 400 40 176 0 0 0
motion 44 701 200 400 40 176 0 0 0 710 200 400 40 176 200 200 200
motion 44 710 200 400 40 176 200 200 200 720 200 400 40 176 0 0 0
motion 44 720 200 400 40 176 0 0 0 720 200 400 40 176 0 0 0
motion 44 720 200 400 40 176 0 0 0 721 200 400 40 176 0 0 0
motion 44 721 200 400 40 176 0 0 0 730 200 200 40 176 0 0 0
motion 44 730 200 200 40 176 0 0 0 800 200 200 40 176 0 0 0
motion 44 800 200 200 40 176 0 0 0 801 200 200 40 176 0 0 0
motion 44 801 200 200 40 176 0 0 0 810 350 400 40 176 0 0 0
motion 44 810 350 400 40 176 0 0 0 1780 350 400 40 176 0 0 0
motion 44 1780 350 400 40 176 0 0 0 1781 350 400 40 176 0 0 0
motion 44 1781 350 400 40 176 0 0 0 1790 350 400 40 176 200 200 200
motion 44 1790 350 400 40 176 200 200 200 1800 350 400 40 176 0 0 0
motion 44 1800 350 400 40 176 0 0 0 1800 350 400 40 176 0 0 0
motion 44 1800 350 400 40 176 0 0 0 1801 350 400 40 176 0 0 0
motion 44 1801 350 400 40 176 0 0 0 1810 350 200 40 176 0 0 0
motion 44 1810 350 200 40 176 0 0 0 1990 350 200 40 176 0 0 0
motion 44 1990 350 200 40 176 0 0 0 1991 350 200 40 176 0 0 0
motion 44 1991 350 200 40 176 0 0 0 2000 550 400 40 176 0 0 0
shape 38 rectangle
motion 38 0 150 400 40 152 0 0 0 0 150 400 40 152 0 0 0
motion 38 0 150 400 40 152 0 0 0 61 150 400 40 152 0 0 0
motion 38 61 150 400 40 152 0 0 0 70 150 400 40 152 200 200 200
motion 38 70 150 400 40 152 200 200 200 80 150 400 40 152 0 0 0
motion 38 80 150 400 40 152 0 0 0 90 150 400 40 152 0 0 0
motion 38 90 150 400 40 152 0 0 0 91 150 400 40 152 0 0 0
motion 38 91 150 400 40 152 0 0 0 100 150 200 40 152 0 0 0
motion 38 100 150 200 40 152 0 0 0 110 150 200 40 152 0 0 0
motion 38 110 150 200 40 152 0 0 0 111 150 200 40 152 0 0 0
motion 38 111 150 200 40 152 0 0 0 120 200 400 40 152 0 0 0
motion 38 120 200 400 40 152 0 0 0 180 200 400 40 152 0 0 0
motion 38 180 200 400 40 152 0 0 0 181 200 400 40 152 0 0 0
motion 38 181 200 400 40 152 0 0 0 190 200 400 40 152 200 200 200
motion 38 190 200 400 40 152 200 200 200 200 200 400 40 152 0 0 0
motion 38 200 200 400 40 152 0 0 0 200 200 400 40 152 0 0 0
motion 38 200 200 400 40 152 0 0 0 201 200 400 40 152 0 0 0
motion 38 201 200 400 40 152 0 0 0 210 200 200 40 152 0 0 0
motion 38 210 200 200 40 152 0 0 0 240 200 200 40 152 0 0 0
motion 38 240 200 200 40 152 0 0 0 241 200 200 40 152 0 0 0
motion 38 241 200 200 40 152 0 0 0 250 150 400 40 152 0 0 0
motion 38 250 150 400 40 152 0 0 0 580 150 400 40 152 0 0 0
motion 38 580 150 400 40 152 0 0 0 581 150 400 40 152 0 0 0
motion 38 581 150 400 40 152 0 0 0 590 150 400 40 152 200 200 200
motion 38 590 150 400 40 152 200 200 200 600 150 400 40 152 0 0 0
motion 38 600 150 400 40 152 0 0 0 610 150 400 40 152 0 0 0
motion 38 610 150 400 40 152 0 0 0 611 150 400 40 152 0 0 0
motion 38 611 150 400 40 152 0 0 0 620 150 400 40 152 200 200 200
motion 38 620 150 400 40 152 200 200 200 630 150 400 40 152 0 0 0
motion 38 630 150 400 40 152 0 0 0 640 150 400 40 152 0 0 0
motion 38 640 150 400 40 152 0 0 0 641 150 400 40 152 0 0 0
motion 38 641 150 400 40 152 0 0 0 650 150 400 40 152 200 200 200
motion 38 650 150 400 40 152 200 200 200 660 150 400 40 152 0 0 0
motion 38 660 150 400 40 152 0 0 0 670 150 400 40 152 0 0 0
motion 38 670 150 400 40 152 0 0 0 671 150 400 40 152 0 0 0
motion 38 671 150 400 40 152 0 0 0 680 150 400 40 152 200 200 200
motion 38 680 150 400 40 152 200 200 200 690 150 400 40 152 0 0 0
motion 38 690 150 400 40 152 0 0 0 690 150 400 40 152 0 0 0
motion 38 690 150 400 40 152 0 0 0 691 150 400 40 152 0 0 0
motion 38 691 150 400 40 152 0 0 0 700 150 200 40 152 0 0 0
motion 38 700 150 200 40 152 0 0 0 790 150 200 40 152 0 0 0
motion 38 790 150 200 40 152 0 0 0 791 150 200 40 152 0 0 0
motion 38 791 150 200 40 152 0 0 0 800 300 400 40 152 0 0 0
motion 38 800 300 400 40 152 0 0 0 1750 300 400 40 152 0 0 0
motion 38 1750 300 400 40 152 0 0 0 1751 300 400 40 152 0 0 0
motion 38 1751 300 400 40 152 0 0 0 1760 300 400 40 152 200 200 200
motion 38 1760 300 400 40 152 200 200 200 1770 300 400 40 152 0 0 0
motion 38 1770 300 400 40 152 0 0 0 1770 300 400 40 152 0 0 0
motion 38 1770 300 400 40 152 0 0 0 1771 300 400 40 152 0 0 0
motion 38 1771 300 400 40 152 0 0 0 1780 300 200 40 152 0 0 0
motion 38 1780 300 200 40 152 0 0 0 1980 300 200 40 152 0 0 0
motion 38 1980 300 200 40 152 0 0 0 1981 300 200 40 152 0 0 0
motion 38 1981 300 200 40 152 0 0 0 1990 500 400 40 152 0 0 0
shape 5 rectangle
motion 5 0 200 400 40 20 0 0 0 0 200 400 40 20 0 0 0
motion 5 0 200 400 40 20 0 0 0 61 200 400 40 20 0 0 0
motion 5 61 200 400 40 20 0 0 0 70 200 400 40 20 200 200 200
motion 5 70 200 400 40 20 200 200 200 80 200 400 40 20 0 0 0
motion 5 80 200 400 40 20 0 0 0 80 200 400 40 20 0 0 0
motion 5 80 200 400 40 20 0 0 0 81 200 400 40 20 0 0 0
motion 5 81 200 400 40 20 0 0 0 90 200 200 40 20 0 0 0
motion 5 90 200 200 40 20 0 0 0 100 200 200 40 20 0 0 0
motion 5 100 200 200 40 20 0 0 0 101 200 200 40 20 0 0 0
motion 5 101 200 200 40 20 0 0 0 110 150 400 40 20 0 0 0
motion 5 110 150 400 40 20 0 0 0 120 150 400 40 20 0 0 0
motion 5 120 150 400 40 20 0 0 0 121 150 400 40 20 0 0 0
motion 5 121 150 400 40 20 0 0 0 130 150 400 40 20 200 200 200
motion 5 130 150 400 40 20 200 200 200 140 150 400 40 20 0 0 0
motion 5 140 150 400 40 20 0 0 0 150 150 400 40 20 0 0 0
motion 5 150 150 400 40 20 0 0 0 151 150 400 40 20 0 0 0
motion 5 151 150 400 40 20 0 0 0 160 150 400 40 20 200 200 200
motion 5 160 150 400 40 20 200 200 200 170 150 400 40 20 0 0 0
motion 5 170 150 400 40 20 0 0 0 170 150 400 40 20 0 0 0
motion 5 170 150 400 40 20 0 0 0 171 150 400 40 20 0 0 0
motion 5 171 150 400 40 20 0 0 0 180 150 200 40 20 0 0 0
motion 5 180 150 200 40 20 0 0 0 230 150 200 40 20 0 0 0
motion 5 230 150 200 40 20 0 0 0 231 150 200 40 20 0 0 0
motion 5 231 150 200 40 20 0 0 0 240 100 400 40 20 0 0 0
motion 5 240 100 400 40 20 0 0 0 550 100 400 40 20 0 0 0
motion 5 550 100 400 40 20 0 0 0 551 100 400 40 20 0 0 0
motion 5 551 100 400 40 20 0 0 0 560 100 400 40 20 200 200 200
motion 5 560 100 400 40 20 200 200 200 570 100 400 40 20 0 0 0
motion 5 570 100 400 40 20 0 0 0 570 100 400 40 20 0 0 0
motion 5 570 100 400 40 20 0 0 0 571 100 400 40 20 0 0 0
motion 5 571 100 400 40 20 0 0 0 580 100 200 40 20 0 0 0
motion 5 580 100 200 40 20 0 0 0 750 100 200 40 20 0 0 0
motion 5 750 100 200 40 20 0 0 0 751 100 200 40 20 0 0 0
motion 5 751 100 200 40 20 0 0 0 760 100 400 40 20 0 0 0
motion 5 760 100 400 40 20 0 0 0 1540 100 400 40 20 0 0 0
motion 5 1540 100 400 40 20 0 0 0 1541 100 400 40 20 0 0 0
motion 5 1541 100 400 40 20 0 0 0 1550 100 400 40 20 200 200 200
motion 5 1550 100 400 40 20 200 200 200 1560 100 400 40 20 0 0 0
motion 5 1560 100 400 40 20 0 0 0 1570 100 400 40 20 0 0 0
motion 5 1570 100 400 40 20 0 0 0 1571 100 400 40 20 0 0 0
motion 5 1571 100 400 40 20 0 0 0 1580 100 400 40 20 200 200 200
motion 5 1580 100 400 40 20 200 200 200 1590 100 400 40 20 0 0 0
motion 5 1590 100 400 40 20 0 0 0 1590 100 400 40 20 0 0 0
motion 5 1590 100 400 40 20 0 0 0 1591 100 400 40 20 0 0 0
motion 5 1591 100 400 40 20 0 0 0 1600 100 200 40 20 0 0 0
motion 5 1600 100 200 40 20 0 0 0 1920 100 200 40 20 0 0 0
motion 5 1920 100 200 40 20 0 0 0 1921 100 200 40 20 0 0 0
motion 5 1921 100 200 40 20 0 0 0 1930 200 400 40 20 0 0 0
shape 47 rectangle
motion 47 0 250 400 40 188 0 0 0 0 250 400 40 188 0 0 0
motion 47 0 250 400 40 188 0 0 0 261 250 400 40 188 0 0 0
motion 47 261 250 400 40 188 0 0 0 270 250 400 40 188 200 200 200
motion 47 270 250 400 40 188 200 200 200 280 250 400 40 188 0 0 0
motion 47 280 250 400 40 188 0 0 0 290 250 400 40 188 0 0 0
motion 47 290 250 400 40 188 0 0 0 291 250 400 40 188 0 0 0
motion 47 291 250 400 40 188 0 0 0 300 250 200 40 188 0 0 0
motion 47 300 250 200 40 188 0 0 0 310 250 200 40 188 0 0 0
motion 47 310 250 200 40 188 0 0 0 311 250 200 40 188 0 0 0
motion 47 311 250 200 40 188 0 0 0 320 300 400 40 188 0 0 0
motion 47 320 300 400 40 188 0 0 0 410 300 400 40 188 0 0 0
motion 47 410 300 400 40 188 0 0 0 411 300 400 40 188 0 0 0
motion 47 411 300 400 40 188 0 0 0 420 300 400 40 188 200 200 200
motion 47 420 300 400 40 188 200 200 200 430 300 400 40 188 0 0 0
motion 47 430 300 400 40 188 0 0 0 440 300 400 40 188 0 0 0
motion 47 440 300 400 40 188 0 0 0 441 300 400 40 188 0 0 0
motion 47 441 300 400 40 188 0 0 0 450 300 400 40 188 200 200 200
motion 47 450 300 400 40 188 200 200 200 460 300 400 40 188 0 0 0
motion 47 460 300 400 40 188 0 0 0 470 300 400 40 188 0 0 0
motion 47 470 300 400 40 188 0 0 0 471 300 400 40 188 0 0 0
motion 47 471 300 400 40 188 0 0 0 480 300 200 40 188 0 0 0
motion 47 480 300 200 40 188 0 0 0 510 300 200 40 188 0 0 0
motion 47 510 300 200 40 188 0 0 0 511 300 200 40 188 0 0 0
motion 47 511 300 200 40 188 0 0 0 520 400 400 40 188 0 0 0
motion 47 520 400 400 40 188 0 0 0 670 400 400 40 188 0 0 0
motion 47 670 400 400 40 188 0 0 0 671 400 400 40 188 0 0 0
motion 47 671 400 400 40 188 0 0 0 680 400 400 40 188 200 200 200
motion 47 680 400 400 40 188 200 200 200 690 400 400 40 188 0 0 0
motion 47 690 400 400 40 188 0 0 0 700 400 400 40 188 0 0 0
motion 47 700 400 400 40 188 0 0 0 701 400 400 40 188 0 0 0
motion 47 701 400 400 40 188 0 0 0 710 400 400 40 188 200 200 200
motion 47 710 400 400 40 188 200 200 200 720 400 400 40 188 0 0 0
motion 47 720 400 400 40 188 0 0 0 730 400 400 40 188 0 0 0
motion 47 730 400 400 40 188 0 0 0 731 400 400 40 188 0 0 0
motion 47 731 400 400 40 188 0 0 0 740 400 200 40 188 0 0 0
motion 47 740 400 200 40 188 0 0 0 810 400 200 40 188 0 0 0
motion 47 810 400 200 40 188 0 0 0 811 400 200 40 188 0 0 0
motion 47 811 400 200 40 188 0 0 0 820 400 400 40 188 0 0 0
motion 47 820 400 400 40 188 0 0 0 1810 400 400 40 188 0 0 0
motion 47 1810 400 400 40 188 0 0 0 1811 400 400 40 188 0 0 0
motion 47 1811 400 400 40 188 0 0 0 1820 400 400 40 188 200 200 200
motion 47 1820 400 400 40 188 200 200 200 1830 400 400 40 188 0 0 0
motion 47 1830 400 400 40 188 0 0 0 1840 400 400 40 188 0 0 0
motion 47 1840 400 400 40 188 0 0 0 1841 400 400 40 188 0 0 0
motion 47 1841 400 400 40 188 0 0 0 1850 400 400 40 188 200 200 200
motion 47 1850 400 400 40 188 200 200 200 1860 400 400 40 188 0 0 0
motion 47 1860 400 400 40 188 0 0 0 1860 400 400 40 188 0 0 0
motion 47 1860 400 400 40 188 0 0 0 1861 400 400 40 188 0 0 0
motion 47 1861 400 400 40 188 0 0 0 1870 400 200 40 188 0 0 0
motion 47 1870 400 200 40 188 0 0 0 2010 400 200 40 188 0 0 0
motion 47 2010 400 200 40 188 0 0 0 2011 400 200 40 188 0 0 0
motion 47 2011 400 200 40 188 0 0 0 2020 650 400 40 188 0 0 0
shape 15 rectangle
motion 15 0 300 400 40 60 0 0 0 0 300 400 40 60 0 0 0
motion 15 0 300 400 40 60 0 0 0 261 300 400 40 60 0 0 0
motion 15 261 300 400 40 60 0 0 0 270 300 400 40 60 200 200 200
motion 15 270 300 400 40 60 200 200 200 280 300 400 40 60 0 0 0
motion 15 280 300 400 40 60 0 0 0 280 300 400 40 60 0 0 0
motion 15 280 300 400 40 60 0 0 0 281 300 400 40 60 0 0 0
motion 15 281 300 400 40 60 0 0 0 290 300 200 40 60 0 0 0
motion 15 290 300 200 40 60 0 0 0 300 300 200 40 60 0 0 0
motion 15 300 300 200 40 60 0 0 0 301 300 200 40 60 0 0 0
motion 15 301 300 200 40 60 0 0 0 310 250 400 40 60 0 0 0
motion 15 310 250 400 40 60 0 0 0 380 250 400 40 60 0 0 0
motion 15 380 250 400 40 60 0 0 0 381 250 400 40 60 0 0 0
motion 15 381 250 400 40 60 0 0 0 390 250 400 40 60 200 200 200
motion 15 390 250 400 40 60 200 200 200 400 250 400 40 60 0 0 0
motion 15 400 250 400 40 60 0 0 0 400 250 400 40 60 0 0 0
motion 15 400 250 400 40 60 0 0 0 401 250 400 40 60 0 0 0
motion 15 401 250 400 40 60 0 0 0 410 250 200 40 60 0 0 0
motion 15 410 250 200 40 60 0 0 0 480 250 200 40 60 0 0 0
motion 15 480 250 200 40 60 0 0 0 481 250 200 40 60 0 0 0
motion 15 481 250 200 40 60 0 0 0 490 250 400 40 60 0 0 0
motion 15 490 250 400 40 60 0 0 0 520 250 400 40 60 0 0 0
motion 15 520 250 400 40 60 0 0 0 521 250 400 40 60 0 0 0
motion 15 521 250 400 40 60 0 0 0 530 250 400 40 60 200 200 200
motion 15 530 250 400 40 60 200 200 200 540 250 400 40 60 0 0 0
motion 15 540 250 400 40 60 0 0 0 550 250 400 40 60 0 0 0
motion 15 550 250 400 40 60 0 0 0 551 250 400 40 60 0 0 0
motion 15 551 250 400 40 60 0 0 0 560 250 400 40 60 200 200 200
motion 15 560 250 400 40 60 200 200 200 570 250 400 40 60 0 0 0
motion 15 570 250 400 40 60 0 0 0 580 250 400 40 60 0 0 0
motion 15 580 250 400 40 60 0 0 0 581 250 400 40 60 0 0 0
motion 15 581 250 400 40 60 0 0 0 590 250 400 40 60 200 200 200
motion 15 590 250 400 40 60 200 200 200 600 250 400 40 60 0 0 0
motion 15 600 250 400 40 60 0 0 0 600 250 400 40 60 0 0 0
motion 15 600 250 400 40 60 0 0 0 601 250 400 40 60 0 0 0
motion 15 601 250 400 40 60 0 0 0 610 250 200 40 60 0 0 0
motion 15 610 250 200 40 60 0 0 0 760 250 200 40 60 0 0 0
motion 15 760 250 200 40 60 0 0 0 761 250 200 40 60 0 0 0
motion 15 761 250 200 40 60 0 0 0 770 150 400 40 60 0 0 0
motion 15 770 150 400 40 60 0 0 0 1600 150 400 40 60 0 0 0
motion 15 1600 150 400 40 60 0 0 0 1601 150 400 40 60 0 0 0
motion 15 1601 150 400 40 60 0 0 0 1610 150 400 40 60 200 200 200
motion 15 1610 150 400 40 60 200 200 200 1620 150 400 40 60 0 0 0
motion 15 1620 150 400 40 60 0 0 0 1620 150 400 40 60 0 0 0
motion 15 1620 150 400 40 60 0 0 0 1621 150 400 40 60 0 0 0
motion 15 1621 150 400 40 60 0 0 0 1630 150 200 40 60 0 0 0
motion 15 1630 150 200 40 60 0 0 0 1930 150 200 40 60 0 0 0
motion 15 1930 150 200 40 60 0 0 0 1931 150 200 40 60 0 0 0
motion 15 1931 150 200 40 60 0 0 0 1940 250 400 40 60 0 0 0
shape 36 rectangle
motion 36 0 350 400 40 144 0 0 0 0 350 400 40 144 0 0 0
motion 36 0 350 400 40 144 0 0 0 321 350 400 40 144 0 0 0
motion 36 321 350 400 40 144 0 0 0 330 350 400 40 144 200 200 200
motion 36 330 350 400 40 144 200 200 200 340 350 400 40 144 0 0 0
motion 36 340 350 400 40 144 0 0 0 350 350 400 40 144 0 0 0
motion 36 350 350 400 40 144 0 0 0 351 350 400 40 144 0 0 0
motion 36 351 350 400 40 144 0 0 0 360 350 200 40 144 0 0 0
motion 36 360 350 200 40 144 0 0 0 370 350 200 40 144 0 0 0
motion 36 370 350 200 40 144 0 0 0 371 350 200 40 144 0 0 0
motion 36 371 350 200 40 144 0 0 0 380 400 400 40 144 0 0 0
motion 36 380 400 400 40 144 0 0 0 440 400 400 40 144 0 0 0
motion 36 440 400 400 40 144 0 0 0 441 400 400 40 144 0 0 0
motion 36 441 400 400 40 144 0 0 0 450 400 400 40 144 200 200 200
motion 36 450 400 400 40 144 200 200 200 460 400 400 40 144 0 0 0
motion 36 460 400 400 40 144 0 0 0 460 400 400 40 144 0 0 0
motion 36 460 400 400 40 144 0 0 0 461 400 400 40 144 0 0 0
motion 36 461 400 400 40 144 0 0 0 470 400 200 40 144 0 0 0
motion 36 470 400 200 40 144 0 0 0 500 400 200 40 144 0 0 0
motion 36 500 400 200 40 144 0 0 0 501 400 200 40 144 0 0 0
motion 36 501 400 200 40 144 0 0 0 510 350 400 40 144 0 0 0
motion 36 510 350 400 40 144 0 0 0 640 350 400 40 144 0 0 0
motion 36 640 350 400 40 144 0 0 0 641 350 400 40 144 0 0 0
motion 36 641 350 400 40 144 0 0 0 650 350 400 40 144 200 200 200
motion 36 650 350 400 40 144 200 200 200 660 350 400 40 144 0 0 0
motion 36 660 350 400 40 144 0 0 0 660 350 400 40 144 0 0 0
motion 36 660 350 400 40 144 0 0 0 661 350 400 40 144 0 0 0
motion 36 661 350 400 40 144 0 0 0 670 350 200 40 144 0 0 0
motion 36 670 350 200 40 144 0 0 0 780 350 200 40 144 0 0 0
motion 36 780 350 200 40 144 0 0 0 781 350 200 40 144 0 0 0
motion 36 781 350 200 40 144 0 0 0 790 250 400 40 144 0 0 0
motion 36 790 250 400 40 144 0 0 0 1690 250 400 40 144 0 0 0
motion 36 1690 250 400 40 144 0 0 0 1691 250 400 40 144 0 0 0
motion 36 1691 250 400 40 144 0 0 0 1700 250 400 40 144 200 200 200
motion 36 1700 250 400 40 144 200 200 200 1710 250 400 40 144 0 0 0
motion 36 1710 250 400 40 144 0 0 0 1720 250 400 40 144 0 0 0
motion 36 1720 250 400 40 144 0 0 0 1721 250 400 40 144 0 0 0
motion 36 1721 250 400 40 144 0 0 0 1730 250 400 40 144 200 200 200
motion 36 1730 250 400 40 144 200 200 200 1740 250 400 40 144 0 0 0
motion 36 1740 250 400 40 144 0 0 0 1740 250 400 40 144 0 0 0
motion 36 1740 250 400 40 144 0 0 0 1741 250 400 40 144 0 0 0
motion 36 1741 250 400 40 144 0 0 0 1750 250 200 40 144 0 0 0
motion 36 1750 250 200 40 144 0 0 0 1970 250 200 40 144 0 0 0
motion 36 1970 250 200 40 144 0 0 0 1971 250 200 40 144 0 0 0
motion 36 1971 250 200 40 144 0 0 0 1980 450 400 40 144 0 0 0
shape 26 rectangle
motion 26 0 400 400 40 104 0 0 0 0 400 400 40 104 0 0 0
motion 26 0 400 400 40 104 0 0 0 321 400 400 40 104 0 0 0
motion 26 321 400 400 40 104 0 0 0 330 400 400 40 104 200 200 200
motion 26 330 400 400 40 104 200 200 200 340 400 400 40 104 0 0 0
motion 26 340 400 400 40 104 0 0 0 340 400 400 40 104 0 0 0
motion 26 340 400 400 40 104 0 0 0 341 400 400 40 104 0 0 0
motion 26 341 400 400 40 104 0 0 0 350 400 200 40 104 0 0 0
motion 26 350 400 200 40 104 0 0 0 360 400 200 40 104 0 0 0
motion 26 360 400 200 40 104 0 0 0 361 400 200 40 104 0 0 0
motion 26 361 400 200 40 104 0 0 0 370 350 400 40 104 0 0 0
motion 26 370 350 400 40 104 0 0 0 380 350 400 40 104 0 0 0
motion 26 380 350 400 40 104 0 0 0 381 350 400 40 104 0 0 0
motion 26 381 350 400 40 104 0 0 0 390 350 400 40 104 200 200 200
motion 26 390 350 400 40 104 200 200 200 400 350 400 40 104 0 0 0
motion 26 400 350 400 40 104 0 0 0 410 350 400 40 104 0 0 0
motion 26 410 350 400 40 104 0 0 0 411 350 400 40 104 0 0 0
motion 26 411 350 400 40 104 0 0 0 420 350 400 40 104 200 200 200
motion 26 420 350 400 40 104 200 200 200 430 350 400 40 104 0 0 0
motion 26 430 350 400 40 104 0 0 0 430 350 400 40 104 0 0 0
motion 26 430 350 400 40 104 0 0 0 431 350 400 40 104 0 0 0
motion 26 431 350 400 40 104 0 0 0 440 350 200 40 104 0 0 0
motion 26 440 350 200 40 104 0 0 0 490 350 200 40 104 0 0 0
motion 26 490 350 200 40 104 0 0 0 491 350 200 40 104 0 0 0
motion 26 491 350 200 40 104 0 0 0 500 300 400 40 104 0 0 0
motion 26 500 300 400 40 104 0 0 0 610 300 400 40 104 0 0 0
motion 26 610 300 400 40 104 0 0 0 611 300 400 40 104 0 0 0
motion 26 611 300 400 40 104 0 0 0 620 300 400 40 104 200 200 200
motion 26 620 300 400 40 104 200 200 200 630 300 400 40 104 0 0 0
motion 26 630 300 400 40 104 0 0 0 630 300 400 40 104 0 0 0
motion 26 630 300 400 40 104 0 0 0 631 300 400 40 104 0 0 0
motion 26 631 300 400 40 104 0 0 0 640 300 200 40 104 0 0 0
motion 26 640 300 200 40 104 0 0 0 770 300 200 40 104 0 0 0
motion 26 770 300 200 40 104 0 0 0 771 300 200 40 104 0 0 0
motion 26 771 300 200 40 104 0 0 0 780 200 400 40 104 0 0 0
motion 26 780 200 400 40 104 0 0 0 1630 200 400 40 104 0 0 0
motion 26 1630 200 400 40 104 0 0 0 1631 200 400 40 104 0 0 0
motion 26 1631 200 400 40 104 0 0 0 1640 200 400 40 104 200 200 200
motion 26 1640 200 400 40 104 200 200 200 1650 200 400 40 104 0 0 0
motion 26 1650 200 400 40 104 0 0 0 1660 200 400 40 104 0 0 0
motion 26 1660 200 400 40 104 0 0 0 1661 200 400 40 104 0 0 0
motion 26 1661 200 400 40 104 0 0 0 1670 200 400 40 104 200 200 200
motion 26 1670 200 400 40 104 200 200 200 1680 200 400 40 104 0 0 0
motion 26 1680 200 400 40 104 0 0 0 1680 200 400 40 104 0 0 0
motion 26 1680 200 400 40 104 0 0 0 1681 200 400 40 104 0 0 0
motion 26 1681 200 400 40 104 0 0 0 1690 200 200 40 104 0 0 0
motion 26 1690 200 200 40 104 0 0 0 1950 200 200 40 104 0 0 0
motion 26 1950 200 200 40 104 0 0 0 1951 200 200 40 104 0 0 0
motion 26 1951 200 200 40 104 0 0 0 1960 350 400 40 104 0 0 0
shape 27 rectangle
motion 27 0 450 400 40 108 0 0 0 0 450 400 40 108 0 0 0
motion 27 0 450 400 40 108 0 0 0 821 450 400 40 108 0 0 0
motion 27 821 450 400 40 108 0 0 0 830 450 400 40 108 200 200 200
motion 27 830 450 400 40 108 200 200 200 840 450 400 40 108 0 0 0
motion 27 840 450 400 40 108 0 0 0 850 450 400 40 108 0 0 0
motion 27 850 450 400 40 108 0 0 0 851 450 400 40 108 0 0 0
motion 27 851 450 400 40 108 0 0 0 860 450 200 40 108 0 0 0
motion 27 860 450 200 40 108 0 0 0 870 450 200 40 108 0 0 0
motion 27 870 450 200 40 108 0 0 0 871 450 200 40 108 0 0 0
motion 27 871 450 200 40 108 0 0 0 880 500 400 40 108 0 0 0
motion 27 880 500 400 40 108 0 0 0 970 500 400 40 108 0 0 0
motion 27 970 500 400 40 108 0 0 0 971 500 400 40 108 0 0 0
motion 27 971 500 400 40 108 0 0 0 980 500 400 40 108 200 200 200
motion 27 980 500 400 40 108 200 200 200 990 500 400 40 108 0 0 0
motion 27 990 500 400 40 108 0 0 0 1000 500 400 40 108 0 0 0
motion 27 1000 500 400 40 108 0 0 0 1001 500 400 40 108 0 0 0
motion 27 1001 500 400 40 108 0 0 0 1010 500 400 40 108 200 200 200
motion 27 1010 500 400 40 108 200 200 200 1020 500 400 40 108 0 0 0
motion 27 1020 500 400 40 108 0 0 0 1020 500 400 40 108 0 0 0
motion 27 1020 500 400 40 108 0 0 0 1021 500 400 40 108 0 0 0
motion 27 1021 500 400 40 108 0 0 0 1030 500 200 40 108 0 0 0
motion 27 1030 500 200 40 108 0 0 0 1060 500 200 40 108 0 0 0
motion 27 1060 500 200 40 108 0 0 0 1061 500 200 40 108 0 0 0
motion 27 1061 500 200 40 108 0 0 0 1070 550 400 40 108 0 0 0
motion 27 1070 550 400 40 108 0 0 0 1300 550 400 40 108 0 0 0
motion 27 1300 550 400 40 108 0 0 0 1301 550 400 40 108 0 0 0
motion 27 1301 550 400 40 108 0 0 0 1310 550 400 40 108 200 200 200
motion 27 1310 550 400 40 108 200 200 200 1320 550 400 40 108 0 0 0
motion 27 1320 550 400 40 108 0 0 0 1330 550 400 40 108 0 0 0
motion 27 1330 550 400 40 108 0 0 0 1331 550 400 40 108 0 0 0
motion 27 1331 550 400 40 108 0 0 0 1340 550 400 40 108 200 200 200
motion 27 1340 550 400 40 108 200 200 200 1350 550 400 40 108 0 0 0
motion 27 1350 550 400 40 108 0 0 0 1350 550 400 40 108 0 0 0
motion 27 1350 550 400 40 108 0 0 0 1351 550 400 40 108 0 0 0
motion 27 1351 550 400 40 108 0 0 0 1360 550 200 40 108 0 0 0
motion 27 1360 550 200 40 108 0 0 0 1440 550 200 40 108 0 0 0
motion 27 1440 550 200 40 108 0 0 0 1441 550 200 40 108 0 0 0
motion 27 1441 550 200 40 108 0 0 0 1450 600 400 40 108 0 0 0
motion 27 1450 600 400 40 108 0 0 0 1660 600 400 40 108 0 0 0
motion 27 1660 600 400 40 108 0 0 0 1661 600 400 40 108 0 0 0
motion 27 1661 600 400 40 108 0 0 0 1670 600 400 40 108 200 200 200
motion 27 1670 600 400 40 108 200 200 200 1680 600 400 40 108 0 0 0
motion 27 1680 600 400 40 108 0 0 0 1690 600 400 40 108 0 0 0
motion 27 1690 600 400 40 108 0 0 0 1691 600 400 40 108 0 0 0
motion 27 1691 600 400 40 108 0 0 0 1700 600 400 40 108 200 200 200
motion 27 1700 600 400 40 108 200 200 200 1710 600 400 40 108 0 0 0
motion 27 1710 600 400 40 108 0 0 0 1710 600 400 40 108 0 0 0
motion 27 1710 600 400 40 108 0 0 0 1711 600 400 40 108 0 0 0
motion 27 1711 600 400 40 108 0 0 0 1720 600 200 40 108 0 0 0
motion 27 1720 600 200 40 108 0 0 0 1960 600 200 40 108 0 0 0
motion 27 1960 600 200 40 108 0 0 0 1961 600 200 40 108 0 0 0
motion 27 1961 600 200 40 108 0 0 0 1970 400 400 40 108 0 0 0
shape 2 rectangle
motion 2 0 500 400 40 8 0 0 0 0 500 400 40 8 0 0 0
motion 2 0 500 400 40 8 0 0 0 821 500 400 40 8 0 0 0
motion 2 821 500 400 40 8 0 0 0 830 500 400 40 8 200 200 200
motion 2 830 500 400 40 8 200 200 200 840 500 400 40 8 0 0 0
motion 2 840 500 400 40 8 0 0 0 840 500 400 40 8 0 0 0
motion 2 840 500 400 40 8 0 0 0 841 500 400 40 8 0 0 0
motion 2 841 500 400 40 8 0 0 0 850 500 200 40 8 0 0 0
motion 2 850 500 200 40 8 0 0 0 860 500 200 40 8 0 0 0
motion 2 860 500 200 40 8 0 0 0 861 500 200 40 8 0 0 0
motion 2 861 500 200 40 8 0 0 0 870 450 400 40 8 0 0 0
motion 2 870 450 400 40 8 0 0 0 940 450 400 40 8 0 0 0
motion 2 940 450 400 40 8 0 0 0 941 450 400 40 8 0 0 0
motion 2 941 450 400 40 8 0 0 0 950 450 400 40 8 200 200 200
motion 2 950 450 400 40 8 200 200 200 960 450 400 40 8 0 0 0
motion 2 960 450 400 40 8 0 0 0 960 450 400 40 8 0 0 0
motion 2 960 450 400 40 8 0 0 0 961 450 400 40 8 0 0 0
motion 2 961 450 400 40 8 0 0 0 970 450 200 40 8 0 0 0
motion 2 970 450 200 40 8 0 0 0 1040 450 200 40 8 0 0 0
motion 2 1040 450 200 40 8 0 0 0 1041 450 200 40 8 0 0 0
motion 2 1041 450 200 40 8 0 0 0 1050 450 400 40 8 0 0 0
motion 2 1050 450 400 40 8 0 0 0 1240 450 400 40 8 0 0 0
motion 2 1240 450 400 40 8 0 0 0 1241 450 400 40 8 0 0 0
motion 2 1241 450 400 40 8 0 0 0 1250 450 400 40 8 200 200 200
motion 2 1250 450 400 40 8 200 200 200 1260 450 400 40 8 0 0 0
motion 2 1260 450 400 40 8 0 0 0 1260 450 400 40 8 0 0 0
motion 2 1260 450 400 40 8 0 0 0 1261 450 400 40 8 0 0 0
motion 2 1261 450 400 40 8 0 0 0 1270 450 200 40 8 0 0 0
motion 2 1270 450 200 40 8 0 0 0 1410 450 200 40 8 0 0 0
motion 2 1410 450 200 40 8 0 0 0 1411 450 200 40 8 0 0 0
motion 2 1411 450 200 40 8 0 0 0 1420 450 400 40 8 0 0 0
motion 2 1420 450 400 40 8 0 0 0 1480 450 400 40 8 0 0 0
motion 2 1480 450 400 40 8 0 0 0 1481 450 400 40 8 0 0 0
motion 2 1481 450 400 40 8 0 0 0 1490 450 400 40 8 200 200 200
motion 2 1490 450 400 40 8 200 200 200 1500 450 400 40 8 0 0 0
motion 2 1500 450 400 40 8 0 0 0 1500 450 400 40 8 0 0 0
motion 2 1500 450 400 40 8 0 0 0 1501 450 400 40 8 0 0 0
motion 2 1501 450 400 40 8 0 0 0 1510 450 200 40 8 0 0 0
motion 2 1510 450 200 40 8 0 0 0 1890 450 200 40 8 0 0 0
motion 2 1890 450 200 40 8 0 0 0 1891 450 200 40 8 0 0 0
motion 2 1891 450 200 40 8 0 0 0 1900 50 400 40 8 0 0 0
shape 46 rectangle
motion 46 0 550 400 40 184 0 0 0 0 550 400 40 184 0 0 0
motion 46 0 550 400 40 184 0 0 0 881 550 400 40 184 0 0 0
motion 46 881 550 400 40 184 0 0 0 890 550 400 40 184 200 200 200
motion 46 890 550 400 40 184 200 200 200 900 550 400 40 184 0 0 0
motion 46 900 550 400 40 184 0 0 0 910 550 400 40 184 0 0 0
motion 46 910 550 400 40 184 0 0 0 911 550 400 40 184 0 0 0
motion 46 911 550 400 40 184 0 0 0 920 550 200 40 184 0 0 0
motion 46 920 550 200 40 184 0 0 0 930 550 200 40 184 0 0 0
motion 46 930 550 200 40 184 0 0 0 931 550 200 40 184 0 0 0
motion 46 931 550 200 40 184 0 0 0 940 600 400 40 184 0 0 0
motion 46 940 600 400 40 184 0 0 0 1000 600 400 40 184 0 0 0
motion 46 1000 600 400 40 184 0 0 0 1001 600 400 40 184 0 0 0
motion 46 1001 600 400 40 184 0 0 0 1010 600 400 40 184 200 200 200
motion 46 1010 600 400 40 184 200 200 200 1020 600 400 40 184 0 0 0
motion 46 1020 600 400 40 184 0 0 0 1030 600 400 40 184 0 0 0
motion 46 1030 600 400 40 184 0 0 0 1031 600 400 40 184 0 0 0
motion 46 1031 600 400 40 184 0 0 0 1040 600 200 40 184 0 0 0
motion 46 1040 600 200 40 184 0 0 0 1070 600 200 40 184 0 0 0
motion 46 1070 600 200 40 184 0 0 0 1071 600 200 40 184 0 0 0
motion 46 1071 600 200 40 184 0 0 0 1080 600 400 40 184 0 0 0
motion 46 1080 600 400 40 184 0 0 0 1360 600 400 40 184 0 0 0
motion 46 1360 600 400 40 184 0 0 0 1361 600 400 40 184 0 0 0
motion 46 1361 600 400 40 184 0 0 0 1370 600 400 40 184 200 200 200
motion 46 1370 600 400 40 184 200 200 200 1380 600 400 40 184 0 0 0
motion 46 1380 600 400 40 184 0 0 0 1380 600 400 40 184 0 0 0
motion 46 1380 600 400 40 184 0 0 0 1381 600 400 40 184 0 0 0
motion 46 1381 600 400 40 184 0 0 0 1390 600 200 40 184 0 0 0
motion 46 1390 600 200 40 184 0 0 0 1450 600 200 40 184 0 0 0
motion 46 1450 600 200 40 184 0 0 0 1451 600 200 40 184 0 0 0
motion 46 1451 600 200 40 184 0 0 0 1460 650 400 40 184 0 0 0
motion 46 1460 650 400 40 184 0 0 0 1720 650 400 40 184 0 0 0
motion 46 1720 650 400 40 184 0 0 0 1721 650 400 40 184 0 0 0
motion 46 1721 650 400 40 184 0 0 0 1730 650 400 40 184 200 200 200
motion 46 1730 650 400 40 184 200 200 200 1740 650 400 40 184 0 0 0
motion 46 1740 650 400 40 184 0 0 0 1750 650 400 40 184 0 0 0
motion 46 1750 650 400 40 184 0 0 0 1751 650 400 40 184 0 0 0
motion 46 1751 650 400 40 184 0 0 0 1760 650 400 40 184 200 200 200
motion 46 1760 650 400 40 184 200 200 200 1770 650 400 40 184 0 0 0
motion 46 1770 650 400 40 184 0 0 0 1780 650 400 40 184 0 0 0
motion 46 1780 650 400 40 184 0 0 0 1781 650 400 40 184 0 0 0
motion 46 1781 650 400 40 184 0 0 0 1790 650 400 40 184 200 200 200
motion 46 1790 650 400 40 184 200 200 200 1800 650 400 40 184 0 0 0
motion 46 1800 650 400 40 184 0 0 0 1810 650 400 40 184 0 0 0
motion 46 1810 650 400 40 184 0 0 0 1811 650 400 40 184 0 0 0
motion 46 1811 650 400 40 184 0 0 0 1820 650 400 40 184 200 200 200
motion 46 1820 650 400 40 184 200 200 200 1830 650 400 40 184 0 0 0
motion 46 1830 650 400 40 184 0 0 0 1830 650 400 40 184 0 0 0
motion 46 1830 650 400 40 184 0 0 0 1831 650 400 40 184 0 0 0
motion 46 1831 650 400 40 184 0 0 0 1840 650 200 40 184 0 0 0
motion 46 1840 650 200 40 184 0 0 0 2000 650 200 40 184 0 0 0
motion 46 2000 650 200 40 184 0 0 0 2001 650 200 40 184 0 0 0
motion 46 2001 650 200 40 184 0 0 0 2010 600 400 40 184 0 0 0
shape 4 rectangle
motion 4 0 600 400 40 16 0 0 0 0 600 400 40 16 0 0 0
motion 4 0 600 400 40 16 0 0 0 881 600 400 40 16 0 0 0
motion 4 881 600 400 40 16 0 0 0 890 600 400 40 16 200 200 200
motion 4 890 600 400 40 16 200 200 200 900 600 400 40 16 0 0 0
motion 4 900 600 400 40 16 0 0 0 900 600 400 40 16 0 0 0
motion 4 900 600 400 40 16 0 0 0 901 600 400 40 16 0 0 0
motion 4 901 600 400 40 16 0 0 0 910 600 200 40 16 0 0 0
motion 4 910 600 200 40 16 0 0 0 920 600 200 40 16 0 0 0
motion 4 920 600 200 40 16 0 0 0 921 600 200 40 16 0 0 0
motion 4 921 600 200 40 16 0 0 0 930 550 400 40 16 0 0 0
motion 4 930 550 400 40 16 0 0 0 940 550 400 40 16 0 0 0
motion 4 940 550 400 40 16 0 0 0 941 550 400 40 16 0 0 0
motion 4 941 550 400 40 16 0 0 0 950 550 400 40 16 200 200 200
motion 4 950 550 400 40 16 200 200 200 960 550 400 40 16 0 0 0
motion 4 960 550 400 40 16 0 0 0 970 550 400 40 16 0 0 0
motion 4 970 550 400 40 16 0 0 0 971 550 400 40 16 0 0 0
motion 4 971 550 400 40 16 0 0 0 980 550 400 40 16 200 200 200
motion 4 980 550 400 40 16 200 200 200 990 550 400 40 16 0 0 0
motion 4 990 550 400 40 16 0 0 0 990 550 400 40 16 0 0 0
motion 4 990 550 400 40 16 0 0 0 991 550 400 40 16 0 0 0
motion 4 991 550 400 40 16 0 0 0 1000 550 200 40 16 0 0 0
motion 4 1000 550 200 40 16 0 0 0 1050 550 200 40 16 0 0 0
motion 4 1050 550 200 40 16 0 0 0 1051 550 200 40 16 0 0 0
motion 4 1051 550 200 40 16 0 0 0 1060 500 400 40 16 0 0 0
motion 4 1060 500 400 40 16 0 0 0 1270 500 400 40 16 0 0 0
motion 4 1270 500 400 40 16 0 0 0 1271 500 400 40 16 0 0 0
motion 4 1271 500 400 40 16 0 0 0 1280 500 400 40 16 200 200 200
motion 4 1280 500 400 40 16 200 200 200 1290 500 400 40 16 0 0 0
motion 4 1290 500 400 40 16 0 0 0 1290 500 400 40 16 0 0 0
motion 4 1290 500 400 40 16 0 0 0 1291 500 400 40 16 0 0 0
motion 4 1291 500 400 40 16 0 0 0 1300 500 200 40 16 0 0 0
motion 4 1300 500 200 40 16 0 0 0 1420 500 200 40 16 0 0 0
motion 4 1420 500 200 40 16 0 0 0 1421 500 200 40 16 0 0 0
motion 4 1421 500 200 40 16 0 0 0 1430 500 400 40 16 0 0 0
motion 4 1430 500 400 40 16 0 0 0 1510 500 400 40 16 0 0 0
motion 4 1510 500 400 40 16 0 0 0 1511 500 400 40 16 0 0 0
motion 4 1511 500 400 40 16 0 0 0 1520 500 400 40 16 200 200 200
motion 4 1520 500 400 40 16 200 200 200 1530 500 400 40 16 0 0 0
motion 4 1530 500 400 40 16 0 0 0 1540 500 400 40 16 0 0 0
motion 4 1540 500 400 40 16 0 0 0 1541 500 400 40 16 0 0 0
motion 4 1541 500 400 40 16 0 0 0 1550 500 400 40 16 200 200 200
motion 4 1550 500 400 40 16 200 200 200 1560 500 400 40 16 0 0 0
motion 4 1560 500 400 40 16 0 0 0 1560 500 400 40 16 0 0 0
motion 4 1560 500 400 40 16 0 0 0 1561 500 400 40 16 0 0 0
motion 4 1561 500 400 40 16 0 0 0 1570 500 200 40 16 0 0 0
motion 4 1570 500 200 40 16 0 0 0 1910 500 200 40 16 0 0 0
motion 4 1910 500 200 40 16 0 0 0 1911 500 200 40 16 0 0 0
motion 4 1911 500 200 40 16 0 0 0 1920 150 400 40 16 0 0 0
shape 19 rectangle
motion 19 0 650 400 40 76 0 0 0 0 650 400 40 76 0 0 0
motion 19 0 650 400 40 76 0 0 0 1081 650 400 40 76 0 0 0
motion 19 1081 650 400 40 76 0 0 0 1090 650 400 40 76 200 200 200
motion 19 1090 650 400 40 76 200 200 200 1100 650 400 40 76 0 0 0
motion 19 1100 650 400 40 76 0 0 0 1100 650 400 40 76 0 0 0
motion 19 1100 650 400 40 76 0 0 0 1101 650 400 40 76 0 0 0
motion 19 1101 650 400 40 76 0 0 0 1110 650 200 40 76 0 0 0
motion 19 1110 650 200 40 76 0 0 0 1120 650 200 40 76 0 0 0
motion 19 1120 650 200 40 76 0 0 0 1121 650 200 40 76 0 0 0
motion 19 1121 650 200 40 76 0 0 0 1130 650 400 40 76 0 0 0
motion 19 1130 650 400 40 76 0 0 0 1140 650 400 40 76 0 0 0
motion 19 1140 650 400 40 76 0 0 0 1141 650 400 40 76 0 0 0
motion 19 1141 650 400 40 76 0 0 0 1150 650 400 40 76 200 200 200
motion 19 1150 650 400 40 76 200 200 200 1160 650 400 40 76 0 0 0
motion 19 1160 650 400 40 76 0 0 0 1160 650 400 40 76 0 0 0
motion 19 1160 650 400 40 76 0 0 0 1161 650 400 40 76 0 0 0
motion 19 1161 650 400 40 76 0 0 0 1170 650 200 40 76 0 0 0
motion 19 1170 650 200 40 76 0 0 0 1210 650 200 40 76 0 0 0
motion 19 1210 650 200 40 76 0 0 0 1211 650 200 40 76 0 0 0
motion 19 1211 650 200 40 76 0 0 0 1220 650 400 40 76 0 0 0
motion 19 1220 650 400 40 76 0 0 0 1240 650 400 40 76 0 0 0
motion 19 1240 650 400 40 76 0 0 0 1241 650 400 40 76 0 0 0
motion 19 1241 650 400 40 76 0 0 0 1250 650 400 40 76 200 200 200
motion 19 1250 650 400 40 76 200 200 200 1260 650 400 40 76 0 0 0
motion 19 1260 650 400 40 76 0 0 0 1270 650 400 40 76 0 0 0
motion 19 1270 650 400 40 76 0 0 0 1271 650 400 40 76 0 0 0
motion 19 1271 650 400 40 76 0 0 0 1280 650 400 40 76 200 200 200
motion 19 1280 650 400 40 76 200 200 200 1290 650 400 40 76 0 0 0
motion 19 1290 650 400 40 76 0 0 0 1300 650 400 40 76 0 0 0
motion 19 1300 650 400 40 76 0 0 0 1301 650 400 40 76 0 0 0
motion 19 1301 650 400 40 76 0 0 0 1310 650 400 40 76 200 200 200
motion 19 1310 650 400 40 76 200 200 200 1320 650 400 40 76 0 0 0
motion 19 1320 650 400 40 76 0 0 0 1320 650 400 40 76 0 0 0
motion 19 1320 650 400 40 76 0 0 0 1321 650 400 40 76 0 0 0
motion 19 1321 650 400 40 76 0 0 0 1330 650 200 40 76 0 0 0
motion 19 1330 650 200 40 76 0 0 0 1430 650 200 40 76 0 0 0
motion 19 1430 650 200 40 76 0 0 0 1431 650 200 40 76 0 0 0
motion 19 1431 650 200 40 76 0 0 0 1440 550 400 40 76 0 0 0
motion 19 1440 550 400 40 76 0 0 0 1570 550 400 40 76 0 0 0
motion 19 1570 550 400 40 76 0 0 0 1571 550 400 40 76 0 0 0
motion 19 1571 550 400 40 76 0 0 0 1580 550 400 40 76 200 200 200
motion 19 1580 550 400 40 76 200 200 200 1590 550 400 40 76 0 0 0
motion 19 1590 550 400 40 76 0 0 0 1600 550 400 40 76 0 0 0
motion 19 1600 550 400 40 76 0 0 0 1601 550 400 40 76 0 0 0
motion 19 1601 550 400 40 76 0 0 0 1610 550 400 40 76 200 200 200
motion 19 1610 550 400 40 76 200 200 200 1620 550 400 40 76 0 0 0
motion 19 1620 550 400 40 76 0 0 0 1630 550 400 40 76 0 0 0
motion 19 1630 550 400 40 76 0 0 0 1631 550 400 40 76 0 0 0
motion 19 1631 550 400 40 76 0 0 0 1640 550 400 40 76 200 200 200
motion 19 1640 550 400 40 76 200 200 200 1650 550 400 40 76 0 0 0
motion 19 1650 550 400 40 76 0 0 0 1650 550 400 40 76 0 0 0
motion 19 1650 550 400 40 76 0 0 0 1651 550 400 40 76 0 0 0
motion 19 1651 550 400 40 76 0 0 0 1660 550 200 40 76 0 0 0
motion 19 1660 550 200 40 76 0 0 0 1940 550 200 40 76 0 0 0
motion 19 1940 550 200 40 76 0 0 0 1941 550 200 40 76 0 0 0
motion 19 1941 550 200 40 76 0 0 0 1950 300 400 40 76 0 0 0
shape 50 rectangle
motion 50 0 700 400 40 200 0 0 0 0 700 400 40 200 0 0 0
motion 50 0 700 400 40 200 0 0 0 1081 700 400 40 200 0 0 0
motion 50 1081 700 400 40 200 0 0 0 1090 700 400 40 200 200 200 200
motion 50 1090 700 400 40 200 200 200 200 1100 700 400 40 200 0 0 0
motion 50 1100 700 400 40 200 0 0 0 1110 700 400 40 200 0 0 0
motion 50 1110 700 400 40 200 0 0 0 1111 700 400 40 200 0 0 0
motion 50 1111 700 400 40 200 0 0 0 1120 700 200 40 200 0 0 0
motion 50 1120 700 200 40 200 0 0 0 1130 700 200 40 200 0 0 0
motion 50 1130 700 200 40 200 0 0 0 1131 700 200 40 200 0 0 0
motion 50 1131 700 200 40 200 0 0 0 1140 700 400 40 200 0 0 0
motion 50 1140 700 400 40 200 0 0 0 1170 700 400 40 200 0 0 0
motion 50 1170 700 400 40 200 0 0 0 1171 700 400 40 200 0 0 0
motion 50 1171 700 400 40 200 0 0 0 1180 700 400 40 200 200 200 200
motion 50 1180 700 400 40 200 200 200 200 1190 700 400 40 200 0 0 0
motion 50 1190 700 400 40 200 0 0 0 1200 700 400 40 200 0 0 0
motion 50 1200 700 400 40 200 0 0 0 1201 700 400 40 200 0 0 0
motion 50 1201 700 400 40 200 0 0 0 1210 700 200 40 200 0 0 0
motion 50 1210 700 200 40 200 0 0 0 1230 700 200 40 200 0 0 0
motion 50 1230 700 200 40 200 0 0 0 1231 700 200 40 200 0 0 0
motion 50 1231 700 200 40 200 0 0 0 1240 750 400 40 200 0 0 0
motion 50 1240 750 400 40 200 0 0 0 1400 750 400 40 200 0 0 0
motion 50 1400 750 400 40 200 0 0 0 1401 750 400 40 200 0 0 0
motion 50 1401 750 400 40 200 0 0 0 1410 750 200 40 200 0 0 0
motion 50 1410 750 200 40 200 0 0 0 1470 750 200 40 200 0 0 0
motion 50 1470 750 200 40 200 0 0 0 1471 750 200 40 200 0 0 0
motion 50 1471 750 200 40 200 0 0 0 1480 750 400 40 200 0 0 0
motion 50 1480 750 400 40 200 0 0 0 1880 750 400 40 200 0 0 0
motion 50 1880 750 400 40 200 0 0 0 1881 750 400 40 200 0 0 0
motion 50 1881 750 400 40 200 0 0 0 1890 750 200 40 200 0 0 0
motion 50 1890 750 200 40 200 0 0 0 2030 750 200 40 200 0 0 0
motion 50 2030 750 200 40 200 0 0 0 2031 750 200 40 200 0 0 0
motion 50 2031 750 200 40 200 0 0 0 2040 750 400 40 200 0 0 0
shape 48 rectangle
motion 48 0 750 400 40 192 0 0 0 0 750 400 40 192 0 0 0
motion 48 0 750 400 40 192 0 0 0 1141 750 400 40 192 0 0 0
motion 48 1141 750 400 40 192 0 0 0 1150 750 400 40 192 200 200 200
motion 48 1150 750 400 40 192 200 200 200 1160 750 400 40 192 0 0 0
motion 48 1160 750 400 40 192 0 0 0 1170 750 400 40 192 0 0 0
motion 48 1170 750 400 40 192 0 0 0 1171 750 400 40 192 0 0 0
motion 48 1171 750 400 40 192 0 0 0 1180 750 400 40 192 200 200 200
motion 48 1180 750 400 40 192 200 200 200 1190 750 400 40 192 0 0 0
motion 48 1190 750 400 40 192 0 0 0 1190 750 400 40 192 0 0 0
motion 48 1190 750 400 40 192 0 0 0 1191 750 400 40 192 0 0 0
motion 48 1191 750 400 40 192 0 0 0 1200 750 200 40 192 0 0 0
motion 48 1200 750 200 40 192 0 0 0 1220 750 200 40 192 0 0 0
motion 48 1220 750 200 40 192 0 0 0 1221 750 200 40 192 0 0 0
motion 48 1221 750 200 40 192 0 0 0 1230 700 400 40 192 0 0 0
motion 48 1230 700 400 40 192 0 0 0 1330 700 400 40 192 0 0 0
motion 48 1330 700 400 40 192 0 0 0 1331 700 400 40 192 0 0 0
motion 48 1331 700 400 40 192 0 0 0 1340 700 400 40 192 200 200 200
motion 48 1340 700 400 40 192 200 200 200 1350 700 400 40 192 0 0 0
motion 48 1350 700 400 40 192 0 0 0 1360 700 400 40 192 0 0 0
motion 48 1360 700 400 40 192 0 0 0 1361 700 400 40 192 0 0 0
motion 48 1361 700 400 40 192 0 0 0 1370 700 400 40 192 200 200 200
motion 48 1370 700 400 40 192 200 200 200 1380 700 400 40 192 0 0 0
motion 48 1380 700 400 40 192 0 0 0 1390 700 400 40 192 0 0 0
motion 48 1390 700 400 40 192 0 0 0 1391 700 400 40 192 0 0 0
motion 48 1391 700 400 40 192 0 0 0 1400 700 200 40 192 0 0 0
motion 48 1400 700 200 40 192 0 0 0 1460 700 200 40 192 0 0 0
motion 48 1460 700 200 40 192 0 0 0 1461 700 200 40 192 0 0 0
motion 48 1461 700 200 40 192 0 0 0 1470 700 400 40 192 0 0 0
motion 48 1470 700 400 40 192 0 0 0 1840 700 400 40 192 0 0 0
motion 48 1840 700 400 40 192 0 0 0 1841 700 400 40 192 0 0 0
motion 48 1841 700 400 40 192 0 0 0 1850 700 400 40 192 200 200 200
motion 48 1850 700 400 40 192 200 200 200 1860 700 400 40 192 0 0 0
motion 48 1860 700 400 40 192 0 0 0 1870 700 400 40 192 0 0 0
motion 48 1870 700 400 40 192 0 0 0 1871 700 400 40 192 0 0 0
motion 48 1871 700 400 40 192 0 0 0 1880 700 200 40 192 0 0 0
motion 48 1880 700 200 40 192 0 0 0 2020 700 200 40 192 0 0 0
motion 48 2020 700 200 40 192 0 0 0 2021 700 200 40 192 0 0 0
motion 48 2021 700 200 40 192 0 0 0 2030 700 400 40 192 0 0 0
