canvas 0 0 800 800
shape background rectangle
motion background 1 0 0 800 800 156 186 20 1 0 0 800 800 156 186 20
motion background 1 0 0 800 800 156 186 20 200 0 0 800 800 156 186 20
shape road rectangle
motion road 1 0 290 800 200 90 90 90 1 0 290 800 200 90 90 90
motion road 1 0 290 800 200 90 90 90 200 0 290 800 200 90 90 90
shape roadmark1 rectangle
motion roadmark1 1 0 290 800 10 255 255 255 1 0 290 800 10 255 255 255
motion roadmark1 1 0 290 800 10 255 255 255 200 0 290 800 10 255 255 255
shape roadmark2 rectangle
motion roadmark2 1 0 485 800 10 255 255 255 1 0 485 800 10 255 255 255
motion roadmark2 1 0 485 800 10 255 255 255 200 0 485 800 10 255 255 255
shape roadmark3 rectangle
motion roadmark3 1 300 380 300 10 255 255 255 1 300 380 300 10 255 255 255
motion roadmark3 1 300 380 300 10 255 255 255 200 300 380 300 10 255 255 255
shape roadmark4 rectangle
motion roadmark4 1 600 290 10 200 255 255 255 1 600 290 10 200 255 255 255
motion roadmark4 1 600 290 10 200 255 255 255 200 600 290 10 200 255 255 255
shape dash0 rectangle
motion dash0 1 0 380 30 10 255 255 255 1 0 380 30 10 255 255 255
motion dash0 1 0 380 30 10 255 255 255 200 0 380 30 10 255 255 255
shape dash1 rectangle
motion dash1 1 60 380 30 10 255 255 255 1 60 380 30 10 255 255 255
motion dash1 1 60 380 30 10 255 255 255 200 60 380 30 10 255 255 255
shape dash2 rectangle
motion dash2 1 120 380 30 10 255 255 255 1 120 380 30 10 255 255 255
motion dash2 1 120 380 30 10 255 255 255 200 120 380 30 10 255 255 255
shape dash3 rectangle
motion dash3 1 180 380 30 10 255 255 255 1 180 380 30 10 255 255 255
motion dash3 1 180 380 30 10 255 255 255 200 180 380 30 10 255 255 255
shape dash4 rectangle
motion dash4 1 240 380 30 10 255 255 255 1 240 380 30 10 255 255 255
motion dash4 1 240 380 30 10 255 255 255 200 240 380 30 10 255 255 255
shape dash5 rectangle
motion dash5 1 300 380 30 10 255 255 255 1 300 380 30 10 255 255 255
motion dash5 1 300 380 30 10 255 255 255 200 300 380 30 10 255 255 255
shape crosswalk0 rectangle
motion crosswalk0 1 645 310 120 15 255 255 255 1 645 310 120 15 255 255 255
motion crosswalk0 1 645 310 120 15 255 255 255 200 645 310 120 15 255 255 255
shape crosswalk1 rectangle
motion crosswalk1 1 645 340 120 15 255 255 255 1 645 340 120 15 255 255 255
motion crosswalk1 1 645 340 120 15 255 255 255 200 645 340 120 15 255 255 255
shape crosswalk2 rectangle
motion crosswalk2 1 645 370 120 15 255 255 255 1 645 370 120 15 255 255 255
motion crosswalk2 1 645 370 120 15 255 255 255 200 645 370 120 15 255 255 255
shape crosswalk3 rectangle
motion crosswalk3 1 645 400 120 15 255 255 255 1 645 400 120 15 255 255 255
motion crosswalk3 1 645 400 120 15 255 255 255 200 645 400 120 15 255 255 255
shape crosswalk4 rectangle
motion crosswalk4 1 645 430 120 15 255 255 255 1 645 430 120 15 255 255 255
motion crosswalk4 1 645 430 120 15 255 255 255 200 645 430 120 15 255 255 255
shape crosswalk5 rectangle
motion crosswalk5 1 645 460 120 15 255 255 255 1 645 460 120 15 255 255 255
motion crosswalk5 1 645 460 120 15 255 255 255 200 645 460 120 15 255 255 255
shape red ellipse
motion red 1 660 240 20 20 255 255 255 1 660 240 20 20 255 255 255
motion red 1 660 240 20 20 255 255 255 150 660 240 20 20 255 255 255
motion red 150 660 240 20 20 255 255 255 151 660 240 20 20 255 0 0
motion red 151 660 240 20 20 255 0 0 199 660 240 20 20 255 0 0
motion red 199 660 240 20 20 255 0 0 200 660 240 20 20 255 255 255
shape yellow ellipse
motion yellow 1 705 240 20 20 255 255 255 1 705 240 20 20 255 255 255
motion yellow 1 705 240 20 20 255 255 255 100 705 240 20 20 255 255 255
motion yellow 100 705 240 20 20 255 255 255 101 705 240 20 20 255 255 0
motion yellow 101 705 240 20 20 255 255 0 149 705 240 20 20 255 255 0
motion yellow 149 705 240 20 20 255 255 0 150 705 240 20 20 255 255 255
shape green ellipse
motion green 1 750 240 20 20 0 255 0 1 750 240 20 20 0 255 0
motion green 1 750 240 20 20 0 255 0 99 750 240 20 20 0 255 0
motion green 99 750 240 20 20 0 255 0 100 750 240 20 20 255 255 255
motion green 100 750 240 20 20 255 255 255 200 750 240 20 20 255 255 255
motion green 200 750 240 20 20 255 255 255 201 750 240 20 20 0 255 0
motion green 201 750 240 20 20 0 255 0 495 750 240 20 20 0 255 0
motion green 495 750 240 20 20 0 255 0 496 750 240 20 20 255 255 255
shape car0 rectangle
motion car0 0 -50 315 50 40 0 0 0 0 -50 315 50 40 0 0 0
motion car0 0 -50 315 50 40 0 0 0 100 450 315 50 40 0 0 0
motion car0 100 450 315 50 40 0 0 0 150 550 315 50 40 0 0 0
motion car0 150 550 315 50 40 0 0 0 200 550 315 50 40 0 0 0
motion car0 200 550 315 50 40 0 0 0 300 800 315 50 40 0 0 0
shape car1 rectangle
motion car1 50 -50 315 50 40 0 0 0 50 -50 315 50 40 0 0 0
motion car1 50 -50 315 50 40 0 0 0 150 375 315 50 40 0 0 0
motion car1 150 375 315 50 40 0 0 0 200 475 315 50 40 0 0 0
motion car1 200 475 315 50 40 0 0 0 250 475 315 50 40 0 0 0
motion car1 250 475 315 50 40 0 0 0 350 800 315 50 40 0 0 0
shape car2 rectangle
motion car2 100 -50 315 50 40 0 0 0 100 -50 315 50 40 0 0 0
motion car2 100 -50 315 50 40 0 0 0 200 300 315 50 40 0 0 0
motion car2 200 300 315 50 40 0 0 0 250 400 315 50 40 0 0 0
motion car2 250 400 315 50 40 0 0 0 300 400 315 50 40 0 0 0
motion car2 300 400 315 50 40 0 0 0 400 800 315 50 40 0 0 0
shape car3 rectangle
motion car3 150 -50 315 50 40 0 0 0 150 -50 315 50 40 0 0 0
motion car3 150 -50 315 50 40 0 0 0 250 225 315 50 40 0 0 0
motion car3 250 225 315 50 40 0 0 0 300 325 315 50 40 0 0 0
motion car3 300 325 315 50 40 0 0 0 350 325 315 50 40 0 0 0
motion car3 350 325 315 50 40 0 0 0 450 800 315 50 40 0 0 0
shape car4 rectangle
motion car4 200 -50 315 50 40 0 0 0 200 -50 315 50 40 0 0 0
motion car4 200 -50 315 50 40 0 0 0 300 150 315 50 40 0 0 0
motion car4 300 150 315 50 40 0 0 0 350 250 315 50 40 0 0 0
motion car4 350 250 315 50 40 0 0 0 400 250 315 50 40 0 0 0
motion car4 400 250 315 50 40 0 0 0 500 800 315 50 40 0 0 0
shape car5 rectangle
motion car5 0 800 425 50 40 0 0 0 0 800 425 50 40 0 0 0
motion car5 0 800 425 50 40 0 0 0 300 0 425 50 40 0 0 0
shape car6 rectangle
motion car6 100 800 425 50 40 0 0 0 100 800 425 50 40 0 0 0
motion car6 100 800 425 50 40 0 0 0 400 0 425 50 40 0 0 0
shape car7 rectangle
motion car7 200 800 425 50 40 0 0 0 200 800 425 50 40 0 0 0
motion car7 200 800 425 50 40 0 0 0 500 0 425 50 40 0 0 0
